0 8
0 18
0 31
1 18
1 72
1 77
1 83
1 84
1 86
1 24
1 27
1 51
1 97
1 99
1 13
1 15
1 21
1 29
1 34
1 37
1 39
1 40
2 18
2 43
2 44
2 46
2 47
2 49
2 90
2 93
2 95
2 98
2 3
2 4
2 7
2 11
2 16
2 17
2 20
2 26
2 59
3 18
3 43
3 44
3 46
3 47
3 49
3 90
3 95
3 98
3 4
3 7
3 17
3 20
3 26
3 60
3 30
3 34
4 18
4 43
4 44
4 46
4 47
4 49
4 95
4 98
4 7
4 11
4 17
4 20
4 26
5 18
5 72
5 86
5 91
5 94
5 96
5 27
5 28
5 32
5 36
5 41
5 51
5 89
5 92
5 99
5 10
5 12
5 13
5 21
5 22
5 35
5 45
6 18
6 43
6 49
6 80
6 87
6 90
6 93
6 95
6 7
7 18
7 43
7 44
7 46
7 47
7 49
7 80
7 87
7 93
7 95
7 98
7 11
7 20
7 26
8 18
8 31
9 18
9 95
9 14
9 17
9 20
9 23
9 72
9 73
9 82
9 91
9 24
9 27
9 36
9 38
9 42
9 48
9 89
9 92
9 97
9 99
9 10
9 12
9 13
9 15
9 21
9 22
9 33
9 34
9 35
9 37
9 39
9 45
10 18
10 98
10 83
10 86
10 91
10 96
10 24
10 27
10 28
10 30
10 32
10 36
10 38
10 41
10 42
10 48
10 51
10 89
10 92
10 97
10 99
10 12
10 13
10 15
10 21
10 22
10 29
10 33
10 34
10 35
10 37
10 45
11 18
11 44
11 46
11 47
11 49
11 80
11 93
11 95
11 98
11 16
11 17
11 20
11 23
12 18
12 72
12 82
12 91
12 96
12 24
12 27
12 28
12 30
12 32
12 36
12 38
12 42
12 48
12 89
12 97
12 99
12 13
12 15
12 21
12 22
12 29
12 34
12 37
12 39
12 45
13 18
13 72
13 77
13 82
13 84
13 91
13 96
13 27
13 28
13 30
13 36
13 38
13 51
13 89
13 92
13 97
13 99
13 15
13 21
13 22
13 29
13 34
13 37
13 39
14 18
14 80
14 87
14 95
14 73
15 18
15 60
15 72
15 77
15 82
15 86
15 91
15 96
15 24
15 38
15 42
15 48
15 51
15 89
15 97
15 99
15 21
15 29
15 33
15 34
15 35
15 37
15 39
15 40
16 18
16 44
16 80
16 90
16 95
16 19
16 20
17 18
17 44
17 46
17 47
17 49
17 80
17 90
17 93
17 95
17 98
17 23
17 59
17 71
17 73
18 31
18 43
18 44
18 46
18 47
18 49
18 55
18 80
18 87
18 90
18 93
18 95
18 98
18 19
18 20
18 23
18 25
18 26
18 50
18 52
18 61
18 53
18 54
18 62
18 56
18 57
18 58
18 59
18 60
18 63
18 64
18 65
18 66
18 67
18 68
18 69
18 70
18 71
18 72
18 73
18 74
18 75
18 76
18 77
18 78
18 79
18 81
18 82
18 83
18 84
18 85
18 88
18 86
18 91
18 94
18 96
18 24
18 27
18 28
18 30
18 32
18 36
18 38
18 41
18 42
18 48
18 51
18 89
18 92
18 97
18 99
18 21
18 22
18 29
18 33
18 34
18 35
18 37
18 39
18 40
18 45
19 80
19 20
19 23
20 44
20 46
20 47
20 49
20 80
20 95
20 98
20 23
20 50
21 60
21 72
21 77
21 82
21 83
21 84
21 86
21 91
21 96
21 27
21 28
21 30
21 32
21 36
21 38
21 41
21 42
21 48
21 51
21 89
21 92
21 97
21 99
21 22
21 34
21 35
21 37
21 39
21 45
22 72
22 86
22 91
22 94
22 96
22 24
22 27
22 28
22 36
22 38
22 42
22 48
22 51
22 89
22 92
22 99
22 34
22 35
22 37
22 40
22 45
23 44
23 80
23 90
23 93
23 95
23 26
23 71
24 72
24 86
24 91
24 27
24 28
24 36
24 42
24 48
24 89
24 92
24 99
24 29
24 33
24 34
24 40
24 45
25 80
26 44
26 46
26 47
26 49
26 80
26 90
26 93
26 95
26 98
26 59
27 63
27 72
27 82
27 86
27 91
27 96
27 28
27 30
27 32
27 36
27 48
27 51
27 89
27 92
27 99
27 34
27 37
28 98
28 52
28 69
28 86
28 91
28 94
28 96
28 30
28 32
28 36
28 41
28 51
28 89
28 92
28 97
28 99
28 33
28 34
28 35
28 37
28 45
29 63
29 72
29 77
29 86
29 91
29 32
29 51
29 89
29 92
29 99
29 33
29 34
29 35
29 37
29 40
30 52
30 72
30 83
30 86
30 91
30 96
30 32
30 36
30 41
30 48
30 89
30 99
30 34
30 39
30 45
31 58
32 52
32 60
32 86
32 91
32 94
32 96
32 36
32 41
32 51
32 89
32 92
32 97
32 99
32 33
32 34
32 35
32 37
32 45
33 83
33 86
33 91
33 94
33 96
33 36
33 41
33 51
33 89
33 92
33 99
33 34
33 35
34 60
34 63
34 72
34 77
34 82
34 84
34 86
34 91
34 94
34 96
34 36
34 41
34 48
34 51
34 89
34 92
34 97
34 99
34 35
34 37
34 39
34 40
34 45
35 52
35 86
35 91
35 94
35 96
35 36
35 41
35 42
35 48
35 89
35 92
35 99
35 39
35 45
36 98
36 69
36 72
36 86
36 91
36 94
36 96
36 38
36 41
36 42
36 51
36 89
36 92
36 97
36 99
36 37
36 40
36 45
37 98
37 69
37 77
37 82
37 86
37 91
37 94
37 96
37 41
37 48
37 89
37 92
37 99
37 39
37 40
37 45
38 72
38 82
38 86
38 42
38 48
38 99
38 39
39 60
39 72
39 77
39 82
39 84
39 86
39 42
39 48
39 51
39 89
39 97
39 99
39 40
40 63
40 77
40 86
40 48
40 51
40 99
41 91
41 96
41 51
41 89
41 92
41 97
41 99
41 45
42 72
42 86
42 91
42 48
42 51
42 89
42 92
42 99
42 45
43 44
43 46
43 47
43 49
43 55
43 80
43 87
43 90
43 93
43 95
43 98
44 46
44 47
44 49
44 87
44 90
44 93
44 95
44 98
45 86
45 91
45 96
45 48
45 51
45 89
45 92
45 99
46 47
46 49
46 80
46 93
46 95
46 98
47 49
47 90
47 93
47 95
47 98
48 72
48 77
48 78
48 82
48 86
48 89
48 97
48 99
49 80
49 87
49 90
49 93
49 95
50 95
50 56
51 52
51 72
51 83
51 86
51 91
51 94
51 96
51 89
51 92
51 99
52 78
52 84
52 91
52 94
52 89
52 92
54 64
54 75
57 62
57 73
60 82
61 73
61 75
66 68
69 98
69 70
70 71
71 90
72 82
72 92
72 97
73 95
73 75
75 95
76 77
76 89
77 82
77 84
77 94
77 97
80 90
80 93
80 95
82 84
82 97
83 96
83 97
86 91
86 94
86 96
86 89
86 92
86 97
86 99
87 95
87 98
89 91
89 94
89 96
89 92
89 97
89 99
90 93
90 98
91 98
91 94
91 96
91 92
91 97
91 99
92 94
92 96
92 99
93 95
93 98
94 96
94 99
95 98
96 97
96 99
97 99