0 6
0 13
0 21
1 13
1 23
1 24
1 25
1 26
1 27
1 72
1 95
1 96
1 97
1 2
1 3
1 5
1 7
1 9
1 10
1 16
1 19
1 38
1 71
2 13
2 23
2 24
2 25
2 26
2 27
2 72
2 96
2 97
2 3
2 5
2 10
2 16
2 19
2 39
3 13
3 23
3 24
3 25
3 26
3 27
3 96
3 97
3 5
3 7
3 10
3 16
3 19
3 84
4 13
4 23
4 27
4 58
4 64
4 72
4 95
4 96
4 5
5 13
5 23
5 24
5 25
5 26
5 27
5 58
5 64
5 95
5 96
5 97
5 7
5 16
5 19
5 71
6 13
6 21
7 13
7 24
7 25
7 26
7 27
7 58
7 95
7 96
7 97
7 9
7 10
7 16
7 17
7 68
7 69
7 71
8 13
8 58
8 64
8 96
8 50
9 13
9 24
9 58
9 72
9 96
9 15
9 16
10 13
10 24
10 25
10 26
10 27
10 58
10 72
10 95
10 96
10 97
10 17
10 38
10 48
10 50
10 71
11 13
11 60
11 94
11 98
11 14
11 12
11 20
11 22
12 13
12 94
12 98
12 99
12 14
12 20
12 22
13 21
13 23
13 24
13 25
13 26
13 27
13 33
13 58
13 64
13 72
13 95
13 96
13 97
13 15
13 16
13 17
13 18
13 19
13 28
13 29
13 30
13 31
13 32
13 34
13 35
13 36
13 37
13 38
13 39
13 40
13 41
13 42
13 43
13 44
13 45
13 46
13 47
13 48
13 49
13 50
13 51
13 52
13 53
13 54
13 55
13 56
13 60
13 57
13 62
13 59
13 63
13 61
13 68
13 69
13 65
13 66
13 67
13 70
13 71
13 73
13 74
13 75
13 76
13 77
13 78
13 79
13 80
13 81
13 82
13 83
13 84
13 85
13 86
13 87
13 88
13 89
13 90
13 91
13 92
13 93
13 94
13 98
13 99
13 14
13 20
13 22
14 94
14 98
14 99
14 20
15 58
15 16
15 17
16 24
16 25
16 26
16 27
16 58
16 96
16 97
16 17
16 28
16 71
16 93
17 24
17 58
17 72
17 95
17 96
17 19
17 48
17 68
18 58
19 24
19 25
19 26
19 27
19 58
19 72
19 95
19 96
19 97
19 38
19 71
20 46
20 50
20 60
20 80
20 94
20 98
20 99
20 22
21 37
22 98
23 24
23 25
23 26
23 27
23 33
23 58
23 64
23 72
23 95
23 96
23 97
24 25
24 26
24 27
24 64
24 72
24 95
24 96
24 97
24 68
24 71
25 26
25 27
25 58
25 95
25 96
25 97
25 71
26 27
26 72
26 95
26 96
26 97
26 68
26 71
27 58
27 64
27 72
27 95
27 96
28 96
28 35
28 90
28 93
29 55
29 59
29 83
29 89
30 50
30 52
30 78
32 41
32 52
33 85
33 99
34 36
34 74
35 93
36 50
39 57
40 84
41 86
42 91
43 45
46 97
46 47
47 48
48 72
48 68
48 84
49 57
49 82
49 83
49 88
50 96
50 52
50 66
50 74
50 78
50 80
50 90
50 93
52 96
52 78
53 54
54 57
54 59
54 67
54 88
55 82
57 59
57 82
58 72
58 95
58 96
59 82
59 83
60 76
60 90
60 94
60 98
60 99
62 82
64 96
64 97
64 71
65 89
66 96
66 77
66 78
67 88
68 72
68 95
68 96
68 84
69 75
71 96
71 97
72 95
72 97
77 78
77 81
77 90
78 96
78 90
82 83
82 88
84 96
89 97
90 96
94 98
94 99
95 96
95 97
96 97
98 99