0 10
0 17
0 26
1 17
1 65
1 91
1 4
1 6
1 7
1 13
1 24
1 28
1 35
1 62
1 92
1 93
1 95
1 14
1 40
2 17
2 36
2 37
2 38
2 39
2 41
2 86
2 97
2 98
2 99
2 3
2 5
2 9
2 11
2 15
2 16
2 19
2 22
2 53
2 87
3 17
3 36
3 37
3 38
3 39
3 41
3 86
3 98
3 99
3 5
3 9
3 16
3 19
3 22
3 52
3 28
4 17
4 47
4 90
4 91
4 94
4 96
4 6
4 7
4 13
4 23
4 24
4 28
4 31
4 33
4 35
4 62
4 92
4 93
4 95
4 14
4 25
4 27
4 30
4 32
4 34
4 40
5 17
5 36
5 37
5 38
5 39
5 41
5 98
5 99
5 9
5 11
5 16
5 19
5 22
5 28
6 17
6 16
6 60
6 61
6 65
6 91
6 13
6 28
6 35
6 62
6 93
6 95
7 17
7 90
7 91
7 96
7 23
7 24
7 28
7 35
7 62
7 93
7 95
7 14
7 27
7 30
7 32
7 40
8 17
8 36
8 41
8 72
8 78
8 86
8 97
8 98
8 9
9 17
9 36
9 37
9 38
9 39
9 41
9 72
9 78
9 97
9 98
9 99
9 11
9 19
9 22
9 87
10 17
10 26
11 17
11 37
11 38
11 39
11 41
11 72
11 97
11 98
11 99
11 15
11 16
11 19
11 20
11 80
11 81
11 87
12 17
12 72
12 78
12 98
12 65
13 17
13 47
13 86
13 73
13 91
13 94
13 24
13 35
13 62
13 92
13 93
13 95
13 14
13 27
13 40
14 17
14 94
14 96
14 23
14 33
14 35
14 62
14 92
14 93
14 95
14 27
14 30
14 40
15 17
15 37
15 72
15 86
15 98
15 18
15 19
16 17
16 37
16 38
16 39
16 41
16 72
16 86
16 97
16 98
16 99
16 20
16 53
16 63
16 65
16 87
17 26
17 36
17 37
17 38
17 39
17 41
17 47
17 72
17 78
17 86
17 97
17 98
17 99
17 18
17 19
17 20
17 21
17 22
17 42
17 43
17 44
17 45
17 46
17 48
17 49
17 50
17 51
17 53
17 52
17 56
17 54
17 55
17 59
17 57
17 58
17 60
17 61
17 63
17 64
17 65
17 66
17 67
17 68
17 69
17 70
17 71
17 73
17 74
17 75
17 76
17 77
17 79
17 80
17 81
17 82
17 83
17 84
17 85
17 87
17 88
17 89
17 90
17 91
17 94
17 96
17 23
17 24
17 28
17 29
17 31
17 33
17 35
17 62
17 92
17 93
17 95
17 25
17 27
17 30
17 32
17 34
17 40
18 72
18 19
18 20
19 37
19 38
19 39
19 41
19 72
19 98
19 99
19 20
19 42
19 87
19 24
20 37
20 72
20 86
20 97
20 98
20 22
20 63
20 80
21 72
22 37
22 38
22 39
22 41
22 72
22 86
22 97
22 98
22 99
22 53
22 87
22 23
22 62
22 27
23 90
23 96
23 31
23 33
23 62
23 95
23 25
23 27
23 34
23 40
24 47
24 91
24 96
24 28
24 29
24 35
24 62
24 92
24 93
24 95
24 27
24 34
25 60
25 65
25 73
25 90
25 96
25 29
25 31
25 33
25 62
25 92
25 93
25 95
25 27
26 51
27 60
27 65
27 73
27 90
27 96
27 28
27 35
27 62
27 92
27 93
27 95
27 30
27 32
27 34
27 40
28 86
28 53
28 91
28 35
28 62
28 92
28 93
28 95
29 62
29 93
30 90
30 96
30 31
30 33
30 35
30 62
30 34
31 90
31 96
31 33
31 62
31 34
32 90
32 96
32 35
32 62
32 92
32 93
33 90
33 96
33 35
33 62
33 93
34 76
34 81
34 91
34 96
34 62
35 47
35 91
35 96
35 62
35 92
35 93
35 95
35 40
36 37
36 38
36 39
36 41
36 47
36 72
36 78
36 86
36 97
36 98
36 99
37 38
37 39
37 41
37 78
37 86
37 97
37 98
37 99
37 80
37 87
38 39
38 41
38 72
38 97
38 98
38 99
38 87
39 41
39 86
39 97
39 98
39 99
39 80
39 87
40 94
40 62
40 92
40 93
40 95
41 72
41 78
41 86
41 97
41 98
42 98
42 49
43 70
43 76
44 65
44 67
46 54
46 67
47 91
47 62
47 92
47 93
48 50
48 89
50 65
52 74
58 59
60 99
60 61
61 63
62 90
62 91
62 94
62 96
62 92
62 93
62 95
63 86
63 80
64 74
65 98
65 67
65 83
65 89
65 90
65 94
65 92
65 93
67 98
68 69
69 74
69 76
69 84
72 86
72 97
72 98
73 92
73 93
73 95
74 76
78 98
78 99
78 87
80 86
80 97
80 98
83 98
86 97
86 99
87 98
87 99
90 96
90 92
90 93
91 93
92 94
92 93
92 95
93 95
94 95
95 96
97 98
97 99
98 99