0 26
0 44
0 50
0 79
0 88
0 91
0 93
0 98
0 99
0 3
0 4
0 11
0 12
0 15
0 16
0 17
0 18
0 19
0 20
0 21
0 22
0 23
0 24
0 25
0 42
0 51
0 76
0 89
0 92
0 94
0 95
0 97
0 1
0 2
0 7
0 9
0 10
1 26
1 50
1 18
1 23
1 51
2 26
2 71
2 75
2 3
2 4
2 23
2 76
2 89
3 26
3 40
3 98
3 4
3 22
3 23
3 42
3 51
3 89
3 10
4 26
4 75
4 98
4 15
4 18
4 22
4 23
4 42
4 51
4 89
4 9
5 90
5 14
5 26
5 27
5 30
5 34
5 46
5 55
5 56
5 60
5 62
5 63
5 69
5 74
5 99
6 78
6 26
6 84
7 26
7 40
7 82
7 99
7 95
8 26
9 26
9 75
9 98
9 15
9 18
9 20
9 22
9 23
9 42
9 51
9 76
9 89
9 10
10 26
10 50
10 93
10 99
10 16
10 18
10 20
10 23
10 42
10 51
10 76
10 89
10 92
11 26
11 88
11 15
11 21
11 25
11 76
11 89
11 95
12 26
12 50
12 64
12 75
12 88
12 91
12 93
12 99
12 16
12 17
12 19
12 21
12 24
12 25
12 92
12 94
12 97
13 14
13 26
13 40
13 46
13 54
13 60
13 66
13 70
14 90
14 26
14 30
14 34
14 40
14 46
14 55
14 60
14 62
14 63
14 69
14 70
15 26
15 75
15 79
15 98
15 99
15 18
15 20
15 22
15 23
15 25
15 42
15 51
15 76
15 89
15 92
15 95
16 26
16 50
16 88
16 91
16 93
16 99
16 17
16 19
16 21
16 23
16 92
16 94
16 97
17 26
17 44
17 50
17 75
17 79
17 88
17 91
17 93
17 99
17 19
17 21
17 22
17 24
17 25
17 42
17 89
17 92
17 94
17 97
18 26
18 40
18 44
18 48
18 75
18 82
18 79
18 88
18 98
18 99
18 20
18 22
18 25
18 42
18 51
18 89
18 97
19 26
19 50
19 88
19 91
19 93
19 99
19 21
19 23
19 24
19 76
19 92
19 94
19 97
20 26
20 36
20 47
20 75
20 77
20 82
20 22
20 25
20 42
20 51
20 76
20 89
21 26
21 44
21 50
21 75
21 82
21 79
21 88
21 93
21 99
21 22
21 24
21 25
21 42
21 76
21 89
21 92
21 94
21 95
21 97
22 26
22 75
22 82
22 98
22 99
22 42
22 51
22 89
23 26
23 44
23 88
23 91
23 93
23 98
23 99
23 24
23 25
23 51
23 76
23 89
23 92
23 95
24 26
24 50
24 88
24 91
24 99
24 92
24 94
24 97
25 26
25 44
25 75
25 88
25 99
25 76
25 89
25 92
25 95
26 78
26 90
26 27
26 28
26 29
26 30
26 31
26 32
26 33
26 34
26 35
26 36
26 37
26 38
26 39
26 40
26 41
26 96
26 43
26 44
26 45
26 46
26 47
26 48
26 49
26 50
26 52
26 53
26 54
26 55
26 56
26 57
26 58
26 59
26 60
26 61
26 62
26 63
26 64
26 65
26 66
26 67
26 68
26 69
26 70
26 71
26 72
26 73
26 74
26 75
26 77
26 80
26 81
26 82
26 79
26 83
26 84
26 85
26 86
26 87
26 88
26 91
26 93
26 98
26 99
26 42
26 51
26 76
26 89
26 92
26 94
26 95
26 97
28 33
28 41
28 45
28 49
28 66
29 36
30 46
30 54
30 55
30 60
30 62
30 67
30 69
30 87
31 32
31 39
31 43
31 53
31 58
31 61
31 68
31 80
31 81
31 83
32 39
32 43
32 53
32 56
32 58
32 61
32 80
32 81
33 35
33 41
33 45
33 49
33 66
33 69
33 73
33 85
34 90
34 46
34 54
34 55
34 56
34 60
34 63
34 70
34 74
34 99
35 49
35 66
35 69
35 85
36 93
37 59
37 60
37 82
37 99
39 43
39 57
39 61
39 83
40 46
40 56
40 60
40 62
40 69
40 70
40 74
40 82
40 87
40 99
41 96
41 45
41 49
41 66
41 69
41 72
41 73
42 48
42 75
42 82
42 98
42 51
42 89
42 92
43 53
43 58
43 61
43 80
43 81
43 83
44 88
44 98
44 99
45 49
45 69
45 72
45 85
46 56
46 60
46 62
46 63
46 99
47 89
47 92
48 50
48 95
49 66
49 69
49 72
49 73
50 88
50 91
50 93
50 98
50 99
50 92
50 94
50 97
51 75
51 82
51 98
51 89
53 56
53 58
53 61
53 68
53 80
53 83
54 60
54 62
54 63
55 60
55 63
55 69
56 90
56 60
56 61
56 62
56 63
56 70
56 74
56 82
56 99
57 83
58 61
58 68
58 80
58 81
58 83
59 82
59 99
60 90
60 62
60 63
60 69
60 70
60 74
60 99
61 68
61 80
61 83
62 63
62 69
62 70
62 74
62 87
63 90
63 69
63 74
63 99
65 72
66 96
66 69
66 72
66 73
66 85
67 87
68 80
69 85
70 74
72 85
74 90
74 87
74 99
75 82
75 88
75 98
75 76
75 89
75 95
76 79
76 88
76 91
76 99
76 92
76 95
79 82
79 88
80 83
82 98
82 99
82 89
88 93
88 98
88 99
88 89
88 94
88 97
89 98
89 95
90 99
91 93
91 99
91 92
91 94
91 97
92 93
92 99
92 94
92 97
93 99
93 94
93 97
94 99
94 97
97 99