0 23
0 17
0 20
0 30
0 31
0 37
0 40
0 42
0 47
0 50
0 52
0 57
0 58
0 59
0 60
0 64
0 69
0 71
0 72
0 74
0 75
0 76
0 78
0 79
0 81
0 84
0 86
0 87
0 88
0 89
0 97
0 1
0 26
0 35
0 38
0 48
1 23
1 13
1 14
1 15
1 16
1 17
1 18
1 20
1 21
1 22
1 25
1 28
1 29
1 30
1 31
1 32
1 33
1 34
1 36
1 37
1 39
1 40
1 42
1 43
1 44
1 47
1 50
1 51
1 52
1 53
1 54
1 57
1 58
1 59
1 60
1 61
1 62
1 63
1 64
1 65
1 66
1 67
1 69
1 70
1 71
1 72
1 74
1 75
1 76
1 77
1 78
1 79
1 80
1 81
1 82
1 83
1 84
1 85
1 86
1 87
1 88
1 89
1 90
1 91
1 92
1 93
1 94
1 95
1 96
1 97
1 98
1 99
1 2
1 3
1 4
1 5
1 6
1 7
1 8
1 9
1 10
1 11
1 12
1 19
1 24
1 26
1 27
1 35
1 38
1 41
1 45
1 46
1 48
1 49
1 55
1 56
1 68
1 73
2 23
2 15
2 16
2 18
2 20
2 21
2 25
2 28
2 30
2 32
2 37
2 39
2 42
2 43
2 47
2 52
2 58
2 60
2 70
2 71
2 72
2 74
2 76
2 78
2 79
2 82
2 83
2 86
2 89
2 93
2 96
2 97
2 99
2 7
2 9
2 26
2 27
2 35
2 46
2 48
3 23
3 13
3 14
3 17
3 21
3 22
3 31
3 32
3 33
3 34
3 36
3 39
3 40
3 42
3 43
3 44
3 51
3 53
3 54
3 57
3 59
3 61
3 63
3 64
3 65
3 66
3 67
3 69
3 70
3 74
3 75
3 76
3 79
3 80
3 82
3 87
3 88
3 89
3 91
3 92
3 94
3 6
3 10
3 19
3 26
3 27
3 38
3 45
3 48
3 49
3 55
3 56
3 68
3 73
4 23
4 13
4 14
4 15
4 16
4 18
4 20
4 21
4 22
4 25
4 30
4 31
4 32
4 33
4 34
4 36
4 37
4 39
4 42
4 43
4 44
4 47
4 50
4 51
4 53
4 57
4 62
4 65
4 67
4 69
4 70
4 74
4 75
4 77
4 78
4 81
4 82
4 83
4 84
4 86
4 89
4 91
4 92
4 93
4 94
4 96
4 97
4 98
4 99
4 5
4 7
4 10
4 11
4 12
4 19
4 24
4 26
4 35
4 41
4 45
4 46
4 48
4 55
4 56
4 68
5 23
5 13
5 14
5 15
5 16
5 22
5 25
5 28
5 31
5 33
5 34
5 37
5 42
5 43
5 44
5 47
5 50
5 51
5 52
5 53
5 57
5 58
5 61
5 62
5 65
5 66
5 67
5 70
5 72
5 76
5 79
5 82
5 83
5 86
5 91
5 92
5 93
5 94
5 97
5 98
5 7
5 8
5 9
5 10
5 11
5 19
5 24
5 26
5 41
5 45
5 46
5 48
5 49
5 56
6 23
6 13
6 15
6 17
6 21
6 22
6 31
6 32
6 34
6 36
6 39
6 40
6 47
6 50
6 54
6 57
6 59
6 61
6 62
6 63
6 67
6 69
6 71
6 75
6 79
6 80
6 81
6 82
6 83
6 87
6 88
6 89
6 90
6 92
6 26
6 38
6 45
6 48
6 49
6 55
6 68
6 73
7 23
7 13
7 14
7 15
7 16
7 17
7 20
7 21
7 25
7 30
7 31
7 32
7 33
7 34
7 37
7 39
7 43
7 44
7 47
7 50
7 51
7 53
7 61
7 62
7 64
7 65
7 70
7 71
7 72
7 74
7 77
7 78
7 79
7 81
7 82
7 83
7 84
7 85
7 86
7 88
7 91
7 93
7 98
7 99
7 11
7 19
7 24
7 26
7 27
7 35
7 45
7 46
7 48
7 56
7 68
8 23
8 20
8 22
8 33
8 47
8 50
8 52
8 57
8 58
8 60
8 61
8 62
8 64
8 69
8 70
8 72
8 74
8 75
8 77
8 80
8 81
8 82
8 83
8 89
8 90
8 91
8 93
8 97
8 12
8 19
8 45
8 48
8 49
9 23
9 15
9 18
9 30
9 32
9 34
9 54
9 60
9 70
9 76
9 79
9 81
9 97
9 24
9 41
9 46
9 48
9 68
9 73
10 23
10 13
10 14
10 15
10 16
10 17
10 20
10 21
10 22
10 25
10 30
10 31
10 32
10 34
10 39
10 43
10 47
10 51
10 53
10 57
10 59
10 61
10 62
10 63
10 66
10 67
10 70
10 71
10 79
10 82
10 85
10 87
10 91
10 93
10 94
10 98
10 12
10 19
10 24
10 26
10 27
10 35
10 45
10 48
10 56
10 68
11 23
11 13
11 14
11 15
11 16
11 18
11 21
11 22
11 30
11 31
11 33
11 34
11 39
11 43
11 44
11 47
11 51
11 52
11 53
11 54
11 57
11 59
11 62
11 65
11 67
11 70
11 71
11 79
11 81
11 82
11 84
11 85
11 86
11 88
11 89
11 91
11 93
11 94
11 96
11 98
11 12
11 19
11 24
11 26
11 35
11 41
11 45
11 46
11 56
11 68
11 73
12 23
12 13
12 14
12 15
12 16
12 17
12 18
12 21
12 25
12 28
12 29
12 32
12 33
12 34
12 36
12 39
12 40
12 42
12 44
12 47
12 50
12 51
12 52
12 54
12 57
12 58
12 62
12 64
12 67
12 69
12 70
12 75
12 77
12 80
12 81
12 82
12 84
12 85
12 86
12 88
12 89
12 91
12 93
12 96
12 98
12 99
12 19
12 24
12 26
12 35
12 45
12 46
12 48
12 56
12 68
13 23
13 15
13 16
13 21
13 22
13 25
13 29
13 30
13 31
13 32
13 33
13 34
13 36
13 37
13 39
13 40
13 42
13 43
13 47
13 50
13 51
13 53
13 57
13 59
13 61
13 62
13 63
13 64
13 66
13 69
13 70
13 71
13 72
13 76
13 77
13 81
13 82
13 83
13 84
13 86
13 87
13 90
13 91
13 93
13 96
13 98
13 19
13 24
13 26
13 27
13 35
13 45
13 46
13 48
13 55
13 56
13 68
14 23
14 15
14 16
14 20
14 22
14 25
14 30
14 31
14 33
14 36
14 39
14 40
14 43
14 44
14 47
14 51
14 53
14 57
14 61
14 62
14 63
14 66
14 67
14 69
14 70
14 80
14 82
14 85
14 87
14 90
14 91
14 92
14 93
14 94
14 98
14 24
14 26
14 27
14 35
14 45
14 46
14 48
14 49
14 55
14 56
14 68
15 23
15 16
15 17
15 18
15 20
15 21
15 22
15 29
15 31
15 32
15 33
15 34
15 37
15 39
15 40
15 42
15 44
15 47
15 50
15 51
15 52
15 53
15 57
15 58
15 60
15 61
15 62
15 63
15 64
15 65
15 66
15 67
15 70
15 71
15 72
15 74
15 77
15 78
15 79
15 80
15 81
15 82
15 83
15 84
15 85
15 86
15 88
15 89
15 90
15 91
15 92
15 93
15 94
15 96
15 97
15 98
15 99
15 24
15 26
15 35
15 41
15 45
15 46
15 48
15 55
15 56
15 68
16 23
16 20
16 21
16 22
16 25
16 29
16 32
16 33
16 34
16 37
16 39
16 42
16 43
16 44
16 47
16 50
16 51
16 52
16 53
16 54
16 57
16 60
16 61
16 62
16 63
16 65
16 66
16 67
16 70
16 71
16 72
16 74
16 78
16 79
16 81
16 82
16 83
16 85
16 86
16 88
16 91
16 93
16 94
16 97
16 98
16 99
16 19
16 24
16 26
16 27
16 35
16 41
16 45
16 46
16 48
16 49
16 56
16 68
17 23
17 20
17 28
17 31
17 32
17 33
17 34
17 36
17 37
17 40
17 42
17 47
17 50
17 54
17 58
17 59
17 60
17 61
17 62
17 64
17 65
17 69
17 70
17 72
17 74
17 75
17 76
17 77
17 79
17 80
17 81
17 82
17 83
17 85
17 86
17 87
17 88
17 89
17 90
17 92
17 96
17 97
17 19
17 38
17 45
17 48
17 49
17 55
17 68
17 73
18 23
18 20
18 21
18 30
18 31
18 33
18 34
18 42
18 43
18 47
18 57
18 61
18 65
18 70
18 74
18 78
18 79
18 81
18 82
18 84
18 86
18 91
18 93
18 96
18 97
18 98
18 19
18 26
18 35
18 45
18 46
18 48
18 56
18 68
19 23
19 21
19 22
19 25
19 32
19 33
19 34
19 37
19 39
19 43
19 44
19 47
19 51
19 52
19 53
19 57
19 61
19 62
19 64
19 65
19 67
19 69
19 70
19 75
19 77
19 79
19 80
19 82
19 83
19 86
19 91
19 92
19 93
19 96
19 97
19 98
19 99
19 24
19 26
19 27
19 35
19 41
19 46
19 48
19 56
19 68
20 23
20 21
20 25
20 31
20 32
20 34
20 37
20 39
20 42
20 43
20 44
20 47
20 52
20 60
20 64
20 70
20 72
20 74
20 78
20 79
20 82
20 83
20 84
20 86
20 89
20 91
20 97
20 98
20 99
20 26
20 35
20 41
20 46
20 48
20 56
20 68
21 23
21 25
21 30
21 31
21 32
21 33
21 34
21 36
21 37
21 39
21 40
21 42
21 43
21 44
21 47
21 50
21 53
21 57
21 58
21 60
21 61
21 64
21 66
21 67
21 69
21 70
21 71
21 72
21 74
21 75
21 77
21 78
21 79
21 80
21 81
21 82
21 84
21 86
21 87
21 89
21 90
21 91
21 93
21 97
21 98
21 99
21 24
21 26
21 27
21 35
21 41
21 45
21 46
21 48
21 49
21 55
21 56
21 68
22 23
22 30
22 31
22 32
22 34
22 39
22 40
22 42
22 43
22 44
22 47
22 51
22 52
22 53
22 54
22 57
22 59
22 61
22 62
22 63
22 64
22 65
22 66
22 67
22 69
22 74
22 77
22 80
22 81
22 82
22 83
22 84
22 85
22 86
22 87
22 91
22 92
22 93
22 94
22 98
22 24
22 26
22 35
22 45
22 46
22 56
22 68
23 25
23 28
23 29
23 30
23 31
23 32
23 33
23 34
23 36
23 37
23 39
23 40
23 42
23 43
23 44
23 47
23 50
23 51
23 52
23 53
23 54
23 57
23 58
23 59
23 60
23 61
23 62
23 63
23 64
23 65
23 66
23 67
23 69
23 70
23 71
23 72
23 74
23 75
23 76
23 77
23 78
23 79
23 80
23 81
23 82
23 83
23 84
23 85
23 86
23 87
23 88
23 89
23 90
23 91
23 92
23 93
23 94
23 95
23 96
23 97
23 98
23 99
23 24
23 26
23 27
23 35
23 38
23 41
23 45
23 46
23 48
23 49
23 55
23 56
23 68
23 73
24 25
24 31
24 32
24 33
24 34
24 37
24 39
24 43
24 44
24 47
24 50
24 51
24 53
24 54
24 57
24 59
24 61
24 62
24 63
24 64
24 65
24 66
24 67
24 69
24 70
24 72
24 78
24 79
24 81
24 82
24 85
24 86
24 89
24 90
24 91
24 92
24 93
24 94
24 96
24 97
24 98
24 99
24 26
24 35
24 45
24 46
24 48
24 56
24 68
25 32
25 33
25 34
25 37
25 39
25 43
25 44
25 47
25 50
25 51
25 52
25 53
25 57
25 61
25 64
25 65
25 66
25 67
25 70
25 72
25 77
25 80
25 82
25 85
25 86
25 91
25 93
25 94
25 97
25 98
25 99
25 27
25 45
25 46
25 48
25 56
25 68
26 31
26 32
26 33
26 34
26 37
26 39
26 42
26 43
26 44
26 47
26 50
26 51
26 52
26 53
26 54
26 57
26 58
26 59
26 61
26 63
26 64
26 65
26 66
26 67
26 69
26 70
26 71
26 72
26 74
26 77
26 78
26 79
26 80
26 81
26 82
26 85
26 86
26 87
26 89
26 90
26 91
26 92
26 93
26 94
26 96
26 97
26 98
26 99
26 35
26 41
26 45
26 46
26 48
26 56
26 68
27 32
27 33
27 39
27 42
27 43
27 47
27 50
27 51
27 53
27 57
27 63
27 64
27 65
27 66
27 67
27 70
27 81
27 82
27 93
27 48
27 56
28 32
28 37
28 40
28 47
28 52
28 54
28 59
28 60
28 64
28 69
28 70
28 74
28 75
28 76
28 80
28 83
28 86
28 87
28 88
28 89
28 92
28 96
28 97
28 38
29 40
29 47
29 50
29 51
29 53
29 62
29 63
29 81
29 82
29 88
29 90
29 91
29 93
29 35
29 56
30 31
30 32
30 37
30 40
30 47
30 50
30 54
30 60
30 61
30 63
30 65
30 71
30 72
30 74
30 77
30 78
30 79
30 80
30 81
30 83
30 84
30 86
30 88
30 91
30 92
30 94
30 97
30 45
30 46
30 48
30 49
30 68
31 32
31 33
31 39
31 40
31 42
31 44
31 47
31 50
31 51
31 52
31 53
31 54
31 57
31 58
31 59
31 61
31 62
31 63
31 64
31 65
31 66
31 67
31 69
31 70
31 72
31 74
31 75
31 77
31 78
31 79
31 80
31 81
31 82
31 83
31 84
31 85
31 86
31 87
31 91
31 92
31 93
31 94
31 97
31 98
31 35
31 45
31 46
31 48
31 56
31 68
32 33
32 34
32 37
32 39
32 40
32 42
32 47
32 50
32 51
32 52
32 53
32 57
32 58
32 59
32 60
32 62
32 63
32 64
32 65
32 66
32 69
32 70
32 71
32 72
32 74
32 75
32 77
32 78
32 79
32 80
32 81
32 82
32 83
32 84
32 86
32 87
32 89
32 90
32 91
32 92
32 93
32 96
32 97
32 98
32 99
32 35
32 38
32 45
32 46
32 48
32 68
33 34
33 37
33 39
33 42
33 43
33 44
33 47
33 51
33 53
33 57
33 58
33 59
33 61
33 62
33 63
33 64
33 65
33 66
33 67
33 70
33 72
33 74
33 75
33 77
33 78
33 79
33 80
33 81
33 82
33 85
33 86
33 88
33 91
33 92
33 93
33 94
33 96
33 97
33 98
33 99
33 35
33 41
33 45
33 46
33 48
33 56
33 73
34 37
34 39
34 42
34 43
34 44
34 47
34 50
34 51
34 52
34 53
34 57
34 60
34 62
34 63
34 65
34 66
34 70
34 71
34 74
34 77
34 79
34 81
34 82
34 83
34 84
34 86
34 89
34 90
34 91
34 93
34 96
34 97
34 98
34 99
34 35
34 41
34 48
34 49
34 56
34 68
35 37
35 39
35 40
35 42
35 44
35 47
35 50
35 51
35 53
35 57
35 58
35 60
35 62
35 64
35 65
35 70
35 71
35 72
35 74
35 78
35 79
35 81
35 82
35 83
35 84
35 85
35 86
35 90
35 91
35 93
35 96
35 97
35 98
35 99
35 45
35 46
35 48
35 56
35 68
36 39
36 40
36 43
36 54
36 59
36 61
36 67
36 69
36 70
36 76
36 80
36 83
36 87
36 88
36 90
36 92
36 38
36 45
36 46
36 49
36 55
36 73
37 39
37 40
37 42
37 43
37 44
37 47
37 50
37 52
37 53
37 60
37 62
37 63
37 64
37 65
37 66
37 70
37 71
37 72
37 74
37 75
37 77
37 78
37 79
37 81
37 82
37 83
37 84
37 85
37 86
37 87
37 89
37 90
37 91
37 96
37 97
37 98
37 46
37 48
37 56
37 68
38 40
38 47
38 52
38 53
38 54
38 59
38 60
38 62
38 69
38 75
38 77
38 78
38 80
38 88
38 89
38 92
38 45
38 46
38 48
38 55
38 68
38 73
39 40
39 42
39 43
39 44
39 47
39 50
39 51
39 53
39 57
39 60
39 61
39 62
39 63
39 64
39 65
39 66
39 67
39 69
39 70
39 72
39 74
39 78
39 79
39 80
39 81
39 82
39 83
39 85
39 86
39 87
39 90
39 91
39 92
39 93
39 94
39 96
39 98
39 41
39 45
39 46
39 48
39 49
39 55
39 56
39 68
40 42
40 44
40 47
40 50
40 51
40 54
40 57
40 59
40 60
40 62
40 64
40 66
40 67
40 69
40 70
40 71
40 74
40 75
40 76
40 77
40 78
40 79
40 80
40 81
40 82
40 83
40 85
40 86
40 87
40 88
40 89
40 91
40 92
40 93
40 96
40 48
40 49
40 55
40 56
40 68
40 73
41 44
41 52
41 54
41 60
41 61
41 62
41 78
41 79
41 82
41 83
41 85
41 92
41 97
41 99
41 48
41 56
41 68
42 43
42 44
42 47
42 50
42 52
42 53
42 57
42 58
42 59
42 62
42 64
42 66
42 67
42 70
42 71
42 74
42 75
42 77
42 78
42 79
42 80
42 81
42 82
42 83
42 84
42 86
42 87
42 89
42 90
42 92
42 93
42 97
42 46
42 48
42 68
43 44
43 47
43 51
43 53
43 61
43 64
43 65
43 66
43 70
43 72
43 78
43 79
43 82
43 83
43 86
43 91
43 92
43 93
43 97
43 98
43 99
43 48
43 56
43 68
44 47
44 51
44 52
44 53
44 57
44 59
44 61
44 62
44 64
44 65
44 67
44 69
44 70
44 71
44 72
44 78
44 79
44 80
44 82
44 83
44 85
44 86
44 88
44 91
44 92
44 93
44 96
44 98
44 99
44 46
44 48
44 56
44 68
44 73
45 47
45 51
45 53
45 54
45 57
45 58
45 59
45 61
45 62
45 63
45 65
45 66
45 67
45 70
45 74
45 79
45 80
45 82
45 83
45 84
45 85
45 87
45 91
45 92
45 93
45 94
45 98
45 46
45 48
45 56
45 68
46 47
46 50
46 51
46 53
46 54
46 57
46 58
46 59
46 60
46 61
46 63
46 64
46 65
46 66
46 67
46 70
46 71
46 72
46 74
46 77
46 78
46 79
46 81
46 82
46 83
46 85
46 86
46 88
46 89
46 91
46 92
46 93
46 94
46 96
46 97
46 98
46 48
46 55
46 56
46 68
46 73
47 50
47 51
47 52
47 53
47 57
47 58
47 59
47 60
47 61
47 62
47 63
47 64
47 65
47 66
47 67
47 70
47 71
47 72
47 74
47 75
47 77
47 78
47 79
47 80
47 81
47 82
47 83
47 84
47 85
47 86
47 89
47 90
47 91
47 92
47 93
47 96
47 97
47 98
47 99
47 48
47 49
47 56
47 68
48 50
48 51
48 52
48 53
48 57
48 58
48 60
48 61
48 62
48 63
48 64
48 65
48 66
48 67
48 69
48 70
48 71
48 72
48 74
48 75
48 77
48 78
48 79
48 80
48 81
48 82
48 84
48 85
48 86
48 89
48 90
48 91
48 92
48 93
48 96
48 97
48 98
48 99
48 56
48 68
49 54
49 59
49 64
49 69
49 75
49 76
49 80
49 81
49 83
49 87
49 88
49 89
49 92
49 93
49 55
49 73
50 52
50 58
50 60
50 62
50 63
50 64
50 65
50 69
50 71
50 72
50 77
50 78
50 79
50 80
50 81
50 82
50 83
50 85
50 86
50 90
50 96
50 99
50 56
51 52
51 53
51 54
51 57
51 59
51 61
51 62
51 63
51 64
51 65
51 66
51 67
51 69
51 70
51 71
51 75
51 77
51 80
51 82
51 85
51 86
51 88
51 91
51 92
51 93
51 94
51 97
51 98
51 99
51 56
51 68
52 57
52 58
52 62
52 63
52 64
52 67
52 69
52 70
52 71
52 72
52 74
52 75
52 76
52 77
52 78
52 79
52 81
52 84
52 86
52 89
52 90
52 91
52 92
52 96
52 97
52 98
52 56
52 68
53 54
53 57
53 58
53 59
53 61
53 62
53 63
53 64
53 65
53 66
53 67
53 70
53 71
53 72
53 79
53 80
53 82
53 85
53 86
53 91
53 92
53 93
53 94
53 96
53 97
53 98
53 99
53 56
53 68
54 57
54 59
54 61
54 65
54 67
54 69
54 75
54 76
54 80
54 82
54 87
54 88
54 89
54 91
54 92
54 93
54 94
54 96
54 55
54 56
54 73
55 59
55 61
55 63
55 66
55 67
55 69
55 75
55 76
55 80
55 87
55 88
55 92
55 94
55 56
55 73
56 57
56 59
56 61
56 62
56 65
56 67
56 70
56 74
56 75
56 79
56 80
56 81
56 82
56 83
56 84
56 85
56 88
56 89
56 91
56 92
56 93
56 94
56 96
56 97
56 99
56 68
56 73
57 58
57 59
57 60
57 61
57 62
57 63
57 64
57 65
57 66
57 67
57 69
57 70
57 71
57 72
57 77
57 78
57 79
57 80
57 81
57 82
57 83
57 84
57 85
57 86
57 88
57 89
57 90
57 91
57 92
57 93
57 94
57 96
57 98
57 68
58 61
58 62
58 63
58 64
58 69
58 71
58 72
58 74
58 75
58 78
58 79
58 81
58 82
58 84
58 86
58 89
58 90
58 91
58 96
58 97
58 98
58 99
59 61
59 62
59 63
59 64
59 66
59 67
59 69
59 71
59 72
59 74
59 75
59 76
59 80
59 85
59 87
59 88
59 89
59 90
59 92
59 93
59 94
59 68
59 73
60 70
60 71
60 75
60 76
60 78
60 79
60 83
60 91
60 96
60 97
60 68
60 73
61 62
61 63
61 64
61 66
61 67
61 69
61 71
61 74
61 80
61 82
61 85
61 86
61 87
61 88
61 91
61 92
61 93
61 94
61 98
61 68
62 63
62 64
62 65
62 67
62 69
62 70
62 72
62 74
62 75
62 77
62 79
62 80
62 81
62 82
62 84
62 85
62 86
62 88
62 89
62 90
62 91
62 92
62 93
62 94
62 96
62 97
62 99
62 68
63 64
63 65
63 66
63 67
63 69
63 70
63 71
63 72
63 74
63 77
63 78
63 81
63 83
63 86
63 89
63 90
63 91
63 92
63 93
63 94
63 96
63 98
63 68
64 65
64 67
64 70
64 71
64 72
64 74
64 75
64 77
64 78
64 79
64 80
64 81
64 82
64 83
64 84
64 85
64 86
64 87
64 89
64 93
64 96
64 97
64 98
64 99
64 68
65 66
65 67
65 70
65 71
65 72
65 77
65 80
65 81
65 82
65 84
65 85
65 86
65 90
65 91
65 93
65 94
65 96
65 98
65 99
65 68
66 67
66 71
66 74
66 77
66 80
66 82
66 85
66 86
66 90
66 91
66 92
66 93
66 94
66 98
66 68
67 69
67 70
67 71
67 74
67 80
67 82
67 83
67 85
67 86
67 92
67 93
67 94
67 96
67 98
67 68
68 70
68 71
68 72
68 74
68 75
68 76
68 77
68 78
68 79
68 80
68 81
68 82
68 83
68 84
68 85
68 86
68 90
68 91
68 92
68 93
68 94
68 96
68 97
68 98
69 71
69 74
69 75
69 76
69 78
69 80
69 82
69 87
69 88
69 89
69 90
69 92
69 93
69 94
69 96
69 98
69 73
70 71
70 72
70 75
70 78
70 79
70 81
70 82
70 83
70 84
70 85
70 86
70 91
70 93
70 94
70 96
70 97
70 98
70 99
71 72
71 74
71 75
71 77
71 78
71 79
71 81
71 83
71 85
71 86
71 87
71 90
71 93
71 96
71 97
72 74
72 75
72 77
72 78
72 79
72 81
72 83
72 84
72 86
72 90
72 93
72 96
72 98
73 75
73 76
73 80
73 82
73 89
73 91
73 92
73 93
74 75
74 77
74 78
74 79
74 80
74 81
74 82
74 84
74 85
74 86
74 87
74 89
74 90
74 91
74 92
74 93
74 94
74 96
74 97
74 99
75 77
75 78
75 79
75 80
75 81
75 82
75 84
75 85
75 86
75 87
75 89
75 92
75 93
75 96
75 97
76 79
76 81
76 86
76 88
76 92
76 96
76 97
77 78
77 79
77 81
77 82
77 84
77 85
77 86
77 87
77 96
77 97
77 98
78 79
78 81
78 82
78 83
78 84
78 86
78 89
78 91
78 96
78 97
78 99
79 80
79 81
79 82
79 83
79 84
79 89
79 90
79 91
79 92
79 97
79 98
79 99
80 81
80 82
80 83
80 85
80 86
80 87
80 88
80 89
80 91
80 92
80 94
81 82
81 83
81 84
81 85
81 86
81 87
81 89
81 90
81 91
81 93
81 94
81 97
81 98
81 99
82 85
82 86
82 88
82 89
82 91
82 92
82 93
82 94
82 96
82 97
82 99
83 84
83 86
83 89
83 93
83 96
83 97
83 99
84 86
84 88
84 96
84 97
85 86
85 88
85 91
85 93
85 94
85 96
85 98
86 87
86 89
86 90
86 91
86 93
86 94
86 96
86 97
86 98
86 99
87 88
87 89
87 91
87 92
88 93
88 94
89 92
89 96
89 97
90 91
90 96
91 92
91 93
91 94
91 96
91 98
92 93
92 94
93 96
93 97
93 98
93 99
94 98
96 97
96 98
96 99
97 99
98 99