0 9
0 93
0 98
1 74
1 5
1 9
1 10
1 13
1 17
1 29
1 37
1 38
1 42
1 44
1 45
1 51
1 56
1 94
2 61
2 9
2 65
3 9
4 5
4 9
4 23
4 29
4 36
4 42
4 48
4 52
4 69
4 70
4 75
4 90
4 95
4 97
5 74
5 9
5 13
5 17
5 23
5 29
5 37
5 42
5 44
5 45
5 51
5 52
6 9
6 23
6 49
6 62
6 98
7 9
7 98
7 99
8 9
8 98
9 61
9 74
9 10
9 11
9 12
9 13
9 14
9 15
9 16
9 17
9 18
9 19
9 20
9 21
9 22
9 23
9 24
9 25
9 26
9 27
9 28
9 29
9 30
9 31
9 32
9 33
9 34
9 35
9 36
9 37
9 38
9 39
9 40
9 41
9 42
9 43
9 44
9 45
9 46
9 47
9 48
9 49
9 50
9 51
9 52
9 53
9 54
9 55
9 56
9 57
9 58
9 59
9 60
9 62
9 63
9 64
9 65
9 72
9 66
9 67
9 68
9 69
9 70
9 71
9 73
9 75
9 76
9 77
9 78
9 79
9 80
9 81
9 82
9 83
9 84
9 85
9 86
9 87
9 88
9 89
9 90
9 91
9 92
9 94
9 95
9 93
9 96
9 97
9 98
9 99
11 16
11 24
11 28
11 32
11 48
11 69
11 70
11 79
11 90
11 95
12 19
13 29
13 36
13 37
13 42
13 44
13 49
13 51
13 67
14 15
14 22
14 26
14 35
14 40
14 43
14 50
14 59
14 60
14 64
14 78
14 82
14 83
14 84
14 85
14 92
14 96
15 22
15 26
15 35
15 38
15 40
15 43
15 59
15 60
15 68
15 78
15 82
15 83
15 84
15 92
15 96
16 18
16 24
16 28
16 32
16 48
16 51
16 55
16 72
16 69
16 70
16 79
16 95
16 97
17 74
17 29
17 36
17 37
17 38
17 42
17 45
17 52
17 56
17 86
17 94
18 32
18 48
18 51
18 72
18 70
18 79
19 89
20 41
20 42
20 62
21 87
22 26
22 39
22 43
22 64
22 68
22 78
22 82
22 83
22 84
22 92
23 29
23 38
23 42
23 44
23 51
23 52
23 56
23 62
23 67
24 25
24 28
24 32
24 48
24 51
24 54
24 55
24 69
24 70
24 79
24 90
24 95
25 48
25 69
25 70
25 75
25 95
25 97
26 35
26 40
26 43
26 59
26 60
26 64
26 68
26 78
26 82
26 83
26 84
26 92
27 73
28 32
28 51
28 54
28 72
28 69
28 70
28 75
28 79
28 90
28 95
28 97
29 38
29 42
29 44
29 45
29 94
31 33
32 48
32 51
32 54
32 55
32 69
32 70
32 79
32 90
32 95
33 73
33 77
33 89
35 38
35 40
35 43
35 50
35 59
35 64
35 68
35 78
35 82
35 83
35 84
35 88
35 92
35 96
36 42
36 44
36 45
36 80
37 42
37 45
37 51
37 94
38 74
38 42
38 43
38 44
38 45
38 52
38 56
38 62
38 68
38 78
38 84
38 92
38 94
39 64
39 82
39 83
40 43
40 50
40 59
40 60
40 64
40 68
40 78
40 82
40 83
40 84
40 85
40 92
40 96
41 62
42 74
42 44
42 45
42 51
42 52
42 56
42 94
43 50
43 59
43 64
43 68
43 78
43 82
43 83
43 84
43 85
43 88
43 92
43 96
44 45
44 51
44 52
44 56
44 67
44 80
45 74
45 51
45 56
45 94
47 54
47 79
47 90
47 95
48 51
48 54
48 55
48 72
48 69
48 70
48 75
48 79
48 90
48 95
48 97
49 67
50 59
50 78
50 82
50 84
50 92
51 72
51 69
51 70
52 56
54 72
54 69
54 70
54 79
54 90
54 95
54 97
55 79
55 97
56 74
56 67
56 80
56 84
56 86
56 94
57 62
57 73
59 64
59 68
59 78
59 82
59 83
59 84
59 85
59 92
60 68
60 92
62 63
62 71
62 76
63 73
64 68
64 82
64 83
64 84
64 85
64 88
64 92
64 96
67 80
68 78
68 82
68 83
68 84
68 92
68 96
69 70
69 75
69 90
69 95
69 97
70 72
70 75
70 79
70 95
72 75
72 79
72 95
73 89
75 90
75 97
77 89
78 82
78 83
78 84
78 85
78 88
78 92
78 96
79 90
79 95
79 97
81 87
82 83
82 84
82 85
82 88
82 92
83 84
83 85
83 88
83 92
83 96
84 85
84 88
84 92
84 94
84 96
85 88
85 92
87 91
88 92
90 95
90 97
92 96
93 98
95 97
98 99