0 15
0 27
0 44
1 27
1 16
1 98
1 9
1 52
2 27
2 63
2 65
2 67
2 70
2 72
2 86
2 91
2 93
2 95
2 4
2 8
2 13
2 19
2 22
2 25
2 31
2 35
3 64
3 16
3 69
3 24
4 27
4 63
4 65
4 67
4 70
4 72
4 86
4 93
4 95
4 8
4 13
4 25
4 31
4 35
5 27
5 77
5 16
5 20
5 40
5 49
5 53
5 62
5 96
5 6
5 52
5 55
5 60
6 27
6 16
6 29
6 53
6 62
6 76
6 82
6 90
6 96
6 9
6 12
6 14
6 37
6 43
6 46
6 50
6 52
6 55
6 60
6 61
7 64
7 16
7 69
7 74
7 85
7 87
7 99
7 10
7 28
7 33
7 39
7 41
7 45
7 47
7 48
7 51
7 57
7 58
7 66
7 68
7 73
8 27
8 63
8 65
8 67
8 70
8 72
8 93
8 95
8 13
8 19
8 25
8 31
8 35
9 27
9 16
9 20
9 29
9 40
9 49
9 53
9 56
9 62
9 82
9 90
9 96
9 98
9 12
9 14
9 37
9 43
9 46
9 50
9 52
9 55
9 60
9 61
10 64
10 16
10 69
10 71
10 74
10 85
10 87
10 92
10 99
10 18
10 23
10 24
10 26
10 28
10 33
10 39
10 41
10 45
10 47
10 48
10 51
10 57
10 66
10 68
10 73
11 27
11 63
11 72
11 83
11 84
11 86
11 91
11 93
11 13
11 29
11 37
12 27
12 16
12 29
12 40
12 49
12 53
12 62
12 90
12 14
12 37
12 43
12 46
12 50
12 52
12 60
12 61
13 27
13 63
13 65
13 67
13 70
13 72
13 83
13 84
13 91
13 93
13 95
13 19
13 31
13 35
14 27
14 16
14 20
14 29
14 40
14 49
14 53
14 59
14 62
14 76
14 90
14 37
14 43
14 50
14 52
14 55
14 61
15 27
15 44
16 27
16 64
16 17
16 20
16 29
16 36
16 38
16 40
16 42
16 49
16 53
16 56
16 59
16 62
16 76
16 81
16 82
16 90
16 96
16 98
16 37
16 43
16 46
16 50
16 52
16 55
16 60
16 61
16 69
16 71
16 74
16 85
16 87
16 88
16 89
16 92
16 94
16 97
16 99
16 18
16 23
16 24
16 26
16 28
16 33
16 39
16 41
16 45
16 47
16 48
16 51
16 54
16 57
16 58
16 66
16 68
16 73
17 27
17 20
17 36
17 38
17 42
17 82
17 46
17 50
17 61
18 69
18 74
18 85
18 87
18 88
18 99
18 23
18 24
18 41
18 45
18 48
18 51
18 57
18 58
18 68
19 27
19 65
19 67
19 70
19 72
19 83
19 91
19 93
19 95
19 22
19 25
19 31
19 32
20 27
20 36
20 40
20 56
20 59
20 62
20 96
20 43
20 46
20 50
20 52
21 27
21 83
21 84
21 93
22 27
22 65
22 83
22 86
22 93
22 30
22 31
23 69
23 74
23 87
23 88
23 89
23 99
23 24
23 28
23 41
23 45
23 48
23 51
23 58
23 68
23 73
24 64
24 69
24 74
24 87
24 88
24 89
24 99
24 26
24 28
24 45
24 47
24 51
24 66
24 68
24 73
25 27
25 65
25 67
25 70
25 72
25 83
25 86
25 91
25 93
25 95
25 32
26 64
26 69
26 71
26 85
26 87
26 89
26 92
26 94
26 99
26 28
26 33
26 39
26 41
26 45
26 47
26 48
26 51
26 54
26 57
26 58
26 68
26 73
27 44
27 63
27 65
27 67
27 70
27 72
27 79
27 83
27 84
27 86
27 91
27 93
27 95
27 30
27 31
27 32
27 34
27 35
27 75
27 77
27 78
27 80
27 29
27 36
27 38
27 40
27 42
27 49
27 53
27 56
27 59
27 62
27 76
27 81
27 82
27 90
27 96
27 98
27 37
27 43
27 46
27 50
27 52
27 55
27 60
27 61
28 69
28 74
28 85
28 87
28 88
28 89
28 99
28 33
28 45
28 47
28 48
28 51
28 57
28 58
28 68
28 73
29 53
29 59
29 62
29 76
29 82
29 90
29 96
29 37
29 43
29 46
29 50
29 52
29 55
29 61
30 83
30 31
30 32
31 65
31 67
31 70
31 72
31 83
31 93
31 95
31 32
31 75
32 65
32 83
32 86
32 91
32 93
32 35
33 64
33 69
33 85
33 87
33 88
33 99
33 39
33 45
33 47
33 48
33 57
33 68
34 83
35 65
35 67
35 70
35 72
35 83
35 86
35 91
35 93
35 95
36 38
36 56
36 82
36 46
36 61
37 49
37 53
37 59
37 62
37 76
37 82
37 90
37 96
37 43
37 46
37 50
37 52
37 55
37 61
38 50
38 61
39 69
39 87
39 99
39 47
39 48
39 51
39 57
39 68
40 59
40 62
40 76
40 96
40 43
40 46
40 50
40 52
40 61
41 69
41 74
41 85
41 89
41 45
41 47
41 48
41 51
41 57
41 68
42 44
43 53
43 59
43 62
43 76
43 82
43 90
43 96
43 46
43 50
43 55
43 61
45 69
45 74
45 85
45 87
45 88
45 99
45 47
45 48
45 51
45 57
45 58
45 66
45 68
45 73
46 62
46 82
46 50
46 55
46 60
47 64
47 69
47 71
47 74
47 85
47 87
47 89
47 92
47 99
47 48
47 51
47 54
47 58
47 68
47 73
48 69
48 74
48 85
48 87
48 89
48 99
48 51
48 58
48 66
48 68
48 73
49 53
49 96
49 52
49 55
49 61
50 56
50 59
50 62
50 76
50 82
50 90
50 60
50 61
51 69
51 71
51 74
51 85
51 87
51 88
51 89
51 94
51 99
51 57
51 66
51 68
52 53
52 62
52 96
52 55
52 61
53 62
53 82
53 90
53 96
53 55
53 61
54 64
54 69
54 85
54 92
55 59
55 76
55 82
55 90
55 96
57 69
57 71
57 85
57 87
57 99
57 58
57 66
57 68
57 73
58 69
58 71
58 88
58 89
58 99
58 68
58 73
59 76
59 82
59 90
59 96
60 62
60 61
61 62
61 76
61 82
61 96
61 98
62 76
62 90
62 96
63 65
63 67
63 70
63 72
63 79
63 83
63 84
63 86
63 91
63 93
63 95
64 69
64 74
64 85
64 87
64 92
64 99
64 68
65 67
65 70
65 72
65 84
65 86
65 91
65 93
65 95
66 69
66 74
66 85
66 87
66 99
66 68
67 70
67 72
67 83
67 91
67 93
67 95
68 69
68 74
68 85
68 87
68 88
68 99
68 73
69 71
69 74
69 85
69 87
69 88
69 89
69 92
69 94
69 97
69 99
69 73
70 72
70 86
70 91
70 93
70 95
71 85
71 87
71 88
71 89
72 83
72 84
72 86
72 91
72 93
73 74
73 85
73 87
73 88
73 89
73 99
74 85
74 87
74 99
75 93
76 82
76 90
77 81
82 90
83 86
83 91
83 93
84 93
84 95
85 87
85 88
85 99
86 91
86 95
87 88
87 99
88 89
88 92
88 99
89 94
90 96
91 93
91 95
93 95