0 10
0 16
0 23
1 16
1 30
1 31
1 32
1 33
1 34
1 79
1 95
1 96
1 97
1 3
1 5
1 9
1 11
1 14
1 15
1 18
1 21
1 45
1 78
2 16
2 47
2 94
2 25
2 29
2 60
2 98
2 6
2 12
2 22
2 24
3 16
3 30
3 31
3 32
3 33
3 34
3 79
3 96
3 97
3 5
3 9
3 15
3 18
3 21
3 49
4 16
4 47
4 93
4 94
4 25
4 29
4 98
4 6
4 12
4 22
4 24
4 26
4 27
4 28
5 16
5 30
5 31
5 32
5 33
5 34
5 96
5 97
5 9
5 11
5 15
5 18
5 21
5 91
6 16
6 47
6 94
6 25
6 29
6 60
6 98
6 12
6 22
6 24
6 26
6 27
6 28
7 16
7 94
7 25
7 24
8 16
8 30
8 34
8 65
8 71
8 79
8 95
8 96
8 9
8 22
9 16
9 30
9 31
9 32
9 33
9 34
9 65
9 71
9 95
9 96
9 97
9 11
9 18
9 21
9 78
10 16
10 23
11 16
11 31
11 32
11 33
11 34
11 65
11 95
11 96
11 97
11 14
11 15
11 18
11 19
11 72
11 73
11 78
12 16
12 39
12 47
12 94
12 25
12 29
12 60
12 98
12 22
12 24
12 28
13 16
13 65
13 71
13 96
13 56
14 16
14 31
14 65
14 79
14 96
14 17
14 18
15 16
15 31
15 32
15 33
15 34
15 65
15 79
15 95
15 96
15 97
15 19
15 45
15 54
15 56
15 78
16 23
16 30
16 31
16 32
16 33
16 34
16 40
16 65
16 71
16 79
16 95
16 96
16 97
16 17
16 18
16 19
16 20
16 21
16 35
16 36
16 37
16 38
16 39
16 41
16 42
16 43
16 44
16 45
16 49
16 46
16 47
16 48
16 51
16 50
16 52
16 53
16 99
16 54
16 55
16 56
16 57
16 58
16 59
16 61
16 62
16 63
16 68
16 64
16 66
16 67
16 69
16 70
16 72
16 73
16 74
16 75
16 76
16 77
16 78
16 80
16 81
16 82
16 83
16 84
16 85
16 86
16 87
16 88
16 89
16 90
16 91
16 92
16 93
16 94
16 25
16 29
16 60
16 98
16 22
16 24
16 26
16 27
16 28
17 65
17 18
17 19
18 31
18 32
18 33
18 34
18 65
18 96
18 97
18 19
18 35
18 78
19 31
19 65
19 79
19 95
19 96
19 21
19 54
19 72
20 65
21 31
21 32
21 33
21 34
21 65
21 79
21 95
21 96
21 97
21 45
21 78
22 39
22 47
22 93
22 94
22 25
22 29
22 60
22 98
22 24
22 26
22 28
23 44
24 47
24 94
24 25
24 29
24 60
24 98
24 26
24 28
25 39
25 47
25 94
25 29
25 60
25 98
25 26
25 28
26 39
26 47
26 69
26 94
26 60
26 98
27 94
27 29
27 28
28 47
28 94
28 29
28 60
28 98
29 47
29 94
29 60
29 98
30 31
30 32
30 33
30 34
30 40
30 65
30 71
30 79
30 95
30 96
30 97
31 32
31 33
31 34
31 71
31 79
31 95
31 96
31 97
31 72
31 78
32 33
32 34
32 65
32 95
32 96
32 97
32 78
33 34
33 79
33 95
33 96
33 97
33 72
33 78
34 65
34 71
34 79
34 95
34 96
35 96
35 42
36 62
36 67
36 90
37 56
37 58
37 85
39 47
39 58
40 92
41 43
41 81
43 56
46 91
47 93
47 60
47 98
49 64
51 52
53 97
53 99
54 79
54 99
54 72
54 91
55 64
55 89
55 90
56 96
56 58
56 75
56 81
56 85
56 87
58 96
58 85
59 61
60 94
60 98
61 64
61 67
61 76
62 89
64 67
64 89
65 79
65 95
65 96
66 89
67 89
67 90
68 83
71 96
71 97
71 78
72 79
72 95
72 96
72 91
73 82
75 96
75 84
75 85
78 96
78 97
79 95
79 97
84 85
84 88
85 96
89 90
91 96
94 98
95 96
95 97
96 97