0 7
0 13
0 23
1 13
1 34
1 35
1 36
1 37
1 38
1 83
1 94
1 97
1 98
1 2
1 3
1 6
1 8
1 11
1 12
1 16
1 20
1 49
1 82
2 13
2 34
2 35
2 36
2 37
2 38
2 83
2 97
2 98
2 3
2 6
2 12
2 16
2 20
2 50
3 13
3 34
3 35
3 36
3 37
3 38
3 97
3 98
3 6
3 8
3 12
3 16
3 20
4 13
4 16
4 18
4 39
4 46
4 76
4 84
4 99
4 95
4 17
4 33
5 13
5 34
5 38
5 69
5 75
5 83
5 94
5 97
5 6
6 13
6 34
6 35
6 36
6 37
6 38
6 69
6 75
6 94
6 97
6 98
6 8
6 16
6 20
6 82
7 13
7 23
8 13
8 35
8 36
8 37
8 38
8 69
8 94
8 97
8 98
8 11
8 12
8 16
8 18
8 77
8 78
8 82
9 13
9 10
9 76
9 24
9 22
9 30
9 32
10 13
10 69
10 75
10 97
10 60
10 24
11 13
11 35
11 69
11 83
11 97
11 15
11 16
12 13
12 35
12 36
12 37
12 38
12 69
12 83
12 94
12 97
12 98
12 18
12 49
12 63
12 60
12 82
13 23
13 34
13 35
13 36
13 37
13 38
13 44
13 69
13 75
13 83
13 94
13 97
13 98
13 15
13 16
13 18
13 19
13 20
13 39
13 40
13 41
13 42
13 43
13 45
13 46
13 47
13 48
13 49
13 50
13 51
13 56
13 52
13 53
13 54
13 55
13 58
13 57
13 63
13 59
13 60
13 61
13 62
13 64
13 65
13 66
13 67
13 68
13 70
13 71
13 72
13 73
13 74
13 77
13 78
13 79
13 76
13 80
13 81
13 82
13 86
13 87
13 88
13 89
13 84
13 85
13 90
13 91
13 92
13 93
13 99
13 24
13 27
13 28
13 29
13 95
13 96
13 14
13 17
13 21
13 22
13 25
13 26
13 30
13 31
13 32
13 33
14 76
14 93
14 24
14 27
14 29
14 95
14 96
14 22
14 25
14 26
14 30
14 32
14 33
15 69
15 16
15 18
15 32
16 35
16 36
16 37
16 38
16 69
16 97
16 98
16 18
16 39
16 82
16 33
17 97
17 39
17 60
17 62
17 76
17 85
17 99
17 24
17 28
17 22
17 25
17 26
17 31
17 33
18 35
18 69
18 83
18 94
18 97
18 20
18 63
18 77
18 29
19 69
20 35
20 36
20 37
20 38
20 69
20 83
20 94
20 97
20 98
20 49
20 82
21 76
21 84
21 92
21 93
21 29
21 95
21 22
21 25
21 26
21 30
21 31
21 32
21 33
22 97
22 39
22 60
22 76
22 84
22 85
22 93
22 99
22 24
22 95
22 96
22 25
22 26
22 30
22 32
22 33
23 48
24 39
24 76
24 85
24 93
24 99
24 29
24 95
24 96
24 25
24 26
24 30
24 32
24 33
25 97
25 41
25 60
25 62
25 76
25 84
25 85
25 93
25 99
25 28
25 29
25 95
25 96
25 26
25 30
25 31
25 32
25 33
26 97
26 39
26 41
26 60
26 62
26 76
26 84
26 85
26 99
26 28
26 29
26 95
26 31
26 33
27 60
27 76
27 93
27 99
27 29
27 95
27 96
27 32
28 97
28 39
28 41
28 43
28 60
28 62
28 76
28 85
28 99
28 29
28 31
28 32
28 33
29 97
29 39
29 41
29 60
29 76
29 84
29 93
29 99
29 95
29 96
29 30
29 31
29 32
29 33
30 97
30 76
30 84
30 93
30 95
30 96
30 32
30 33
31 97
31 41
31 60
31 62
31 76
31 84
31 85
31 99
31 33
32 97
32 39
32 76
32 84
32 93
32 95
32 96
33 97
33 39
33 41
33 60
33 62
33 76
33 84
33 85
33 93
33 99
33 95
34 35
34 36
34 37
34 38
34 44
34 69
34 75
34 83
34 94
34 97
34 98
35 36
35 37
35 38
35 75
35 83
35 94
35 97
35 98
35 77
35 82
36 37
36 38
36 69
36 94
36 97
36 98
36 82
37 38
37 83
37 94
37 97
37 98
37 77
37 82
38 69
38 75
38 83
38 94
38 97
39 97
39 46
39 99
39 95
40 66
40 72
41 60
41 62
41 85
41 93
41 99
43 56
43 62
43 99
45 47
45 87
47 60
50 70
53 55
57 58
57 63
58 98
59 70
60 97
60 62
60 76
60 87
60 85
60 91
60 99
60 95
60 96
62 97
62 85
63 83
63 77
64 65
65 70
65 72
65 80
68 89
69 83
69 94
69 97
70 72
75 97
75 98
75 82
76 97
76 84
76 85
76 93
76 99
76 95
76 96
77 83
77 94
77 97
78 88
82 97
82 98
83 94
83 98
84 85
84 92
84 93
84 95
85 97
85 93
85 99
85 95
85 96
93 99
93 95
93 96
94 97
94 98
95 99
95 96
97 98
97 99